0 0001080
1 0002160
0 0003480
0 0006360
1 0007800
1 0009840
0 0011520
1 0012240
1 0014760
1 0016440
1 0018120
1 0019680
0 0021840
1 0024240
1 0025080
0 0027000
1 0028800
1 0033480
0 0034680
1 0036360
0 0037680
1 0038880
1 0041280
0 0043320
1 0044880
0 0046320
1 0047760
0 0048960
0 0051000
0 0052320
0 0053640
0 0055320
0 0057120
1 0058560
0 0061080
0 0066840
0 0067920
1 0069360
0 0070200
1 0073080
0 0074280
1 0076320
0 0078720
0 0080520
1 0082680
0 0083880
1 0084960
1 0086400
1 0087840
0 0089400
0 0090600
0 0091800
1 0098280
0 0099600
1 0101400
1 0102480
1 0104280
0 0105360
0 0107280
0 0109080
1 0110760
0 0112800
0 0114960
0 0116520
1 0119160
0 0122040
1 0123720
1 0125160
1 0128280
1 0129720
0 0131880
1 0133560
1 0138240
1 0139200
0 0141000
0 0142440
1 0144240
0 0145920
1 0148320
1 0149400
0 0151800
0 0153240
0 0154440
1 0156360
0 0158520
0 0160320
0 0161880
