1 0000409
0 0002269
1 0003508
1 0005950
1 0007172
1 0008484
0 0009655
0 0011232
0 0012865
1 0013969
0 0016214
1 0017464
1 0018645
0 0020078
0 0021436
1 0023219
1 0024490
0 0025771
1 0027602
1 0029087
0 0030518
1 0031791
0 0035422
0 0036722
0 0037705
1 0038861
0 0040598
0 0041847
0 0042380
0 0043496
0 0044475
0 0045629
0 0047288
0 0048577
0 0053046
0 0054086
1 0054879
1 0056330
1 0057862
1 0059297
0 0061123
1 0063458
1 0065113
0 0066879
0 0068634
0 0070805
1 0073770
0 0075012
1 0076201
1 0077927
1 0079534
1 0080702
